% Cas particuliers - correction durées
attendues= [3 1 4 3 1 4];
durees= [2.842 1.1 2.85 

attendues=  [3 1 2 2 2 2 1 1 2];
durees= [2.7333 0.9484 1.9245 2.0919 2.0082 1.7852 0.9483 1.1993 2.0082];

attendues = [2 2 4 4 4 2];
durees= [3.5 2.1 4.75 4.75 3.9 1.8];

